
    PART-1-1           1            -64.8              25.               0.            -64.8              25.               0.
    PART-1-1           2             -70.              25.               0.             -70.              25.               0.
    PART-1-1           3             -57.              25.               0.             -57.              25.               0.
    PART-1-1         238            -67.4              25.               0.            -67.4              25.               0.
    PART-1-1         239            -62.2              25.               0.            -62.2              25.               0.
    PART-1-1         240            -59.6              25.               0.            -59.6              25.               0.
    PART-1-1          24             -70.             -25.               0.             -70.             -25.               0.
    PART-1-1          25            -64.8             -25.               0.            -64.8             -25.               0.
    PART-1-1          26             -57.             -25.               0.             -57.             -25.               0.
    PART-1-1         264            -67.4             -25.               0.            -67.4             -25.               0.
    PART-1-1         265            -62.2             -25.               0.            -62.2             -25.               0.
    PART-1-1         266            -59.6             -25.               0.            -59.6             -25.               0.
    PART-1-1         281         -29.7146          -20.249               0.         -29.7146         -20.2491               0.
    PART-1-1          38         -27.2436         -19.7654               0.         -27.2436         -19.7654               0.
    PART-1-1         280         -24.7753         -19.2681               0.         -24.7753         -19.2682               0.
    PART-1-1          37           -22.31         -18.7562               0.           -22.31         -18.7562               0.
    PART-1-1         279          -19.848         -18.2284               0.          -19.848         -18.2285               0.
    PART-1-1          36         -17.3897         -17.6837               0.         -17.3898         -17.6838               0.
    PART-1-1         278         -14.9355         -17.1209               0.         -14.9356         -17.1209               0.
    PART-1-1          35         -12.4859         -16.5388               0.         -12.4859         -16.5388               0.
    PART-1-1         277         -10.0411         -15.9363               0.         -10.0412         -15.9364               0.
    PART-1-1          34         -7.60176         -15.3123               0.          -7.6018         -15.3124               0.
    PART-1-1         276          -5.1683         -14.6658               0.         -5.16835         -14.6658               0.
    PART-1-1          33         -2.74128         -13.9954               0.         -2.74133         -13.9956               0.


  



