203 2 2 0 215 152 5 297
204 2 2 0 215 55 56 48
205 2 2 0 215 15 264 174
206 2 2 0 215 56 47 48
207 2 2 0 215 111 165 148
208 2 2 0 215 68 160 67
209 2 2 0 215 122 231 147
210 2 2 0 215 111 152 176
211 2 2 0 215 111 261 152
212 2 2 0 215 154 249 76
213 2 2 0 215 17 173 186
214 2 2 0 215 14 15 174
215 2 2 0 215 111 148 261
216 2 2 0 215 206 226 80
217 2 2 0 215 114 261 148
218 2 2 0 215 80 226 79
219 2 2 0 215 116 185 166
220 2 2 0 215 30 157 29
221 2 2 0 215 5 6 297
222 2 2 0 215 43 179 161
223 2 2 0 215 147 231 242
224 2 2 0 215 152 216 5
225 2 2 0 215 114 152 261
226 2 2 0 215 160 211 67
227 2 2 0 215 97 98 168
228 2 2 0 215 101 1 169
229 2 2 0 215 36 158 35
230 2 2 0 215 122 147 226
231 2 2 0 215 48 49 273
232 2 2 0 215 151 41 296
233 2 2 0 215 97 168 197
234 2 2 0 215 75 76 249
235 2 2 0 215 116 200 185
236 2 2 0 215 61 161 60
237 2 2 0 215 149 187 113
238 2 2 0 215 120 162 163
239 2 2 0 215 92 156 243
240 2 2 0 215 128 163 162
241 2 2 0 215 149 113 247
242 2 2 0 215 91 217 90
243 2 2 0 215 124 153 245
244 2 2 0 215 234 283 105
245 2 2 0 215 231 171 233
246 2 2 0 215 60 161 179
247 2 2 0 215 138 174 264
248 2 2 0 215 159 73 263
249 2 2 0 215 27 240 153
250 2 2 0 215 123 233 171
251 2 2 0 215 91 243 217
252 2 2 0 215 150 247 113
253 2 2 0 215 114 148 197
254 2 2 0 215 66 163 258
255 2 2 0 215 231 106 242
256 2 2 0 215 150 113 190
257 2 2 0 215 29 157 257
258 2 2 0 215 27 153 230
259 2 2 0 215 114 168 180
260 2 2 0 215 114 216 152
261 2 2 0 215 118 189 175
262 2 2 0 215 50 53 172
263 2 2 0 215 153 262 245
264 2 2 0 215 68 190 160
265 2 2 0 215 98 250 168
266 2 2 0 215 44 179 43
267 2 2 0 215 17 186 16
268 2 2 0 215 66 258 65
269 2 2 0 215 130 170 229
270 2 2 0 215 168 132 180
271 2 2 0 215 101 169 100
272 2 2 0 215 112 229 170
273 2 2 0 215 155 9 241
274 2 2 0 215 102 201 204
275 2 2 0 215 38 162 37
276 2 2 0 215 13 199 12
277 2 2 0 215 119 204 182
278 2 2 0 215 134 182 204
279 2 2 0 215 65 258 64
280 2 2 0 215 151 225 41
281 2 2 0 215 218 64 258
282 2 2 0 215 36 205 158
283 2 2 0 215 245 262 107
284 2 2 0 215 96 97 197
285 2 2 0 215 121 227 198
286 2 2 0 215 124 230 153
287 2 2 0 215 74 263 73
288 2 2 0 215 158 187 35
289 2 2 0 215 12 199 295
290 2 2 0 215 200 224 103
291 2 2 0 215 115 186 173
292 2 2 0 215 143 198 227
293 2 2 0 215 146 283 234
294 2 2 0 215 42 296 41
295 2 2 0 215 154 76 221
296 2 2 0 215 139 220 188
297 2 2 0 215 119 188 220
298 2 2 0 215 116 177 200
299 2 2 0 215 134 204 201
300 2 2 0 215 137 200 177
301 2 2 0 215 75 249 74
302 2 2 0 215 113 187 158
303 2 2 0 215 249 263 74
304 2 2 0 215 92 243 91
305 2 2 0 215 127 254 155
306 2 2 0 215 118 196 236
307 2 2 0 215 120 158 205
308 2 2 0 215 113 158 287
309 2 2 0 215 137 224 200
310 2 2 0 215 119 164 251
311 2 2 0 215 136 178 222
312 2 2 0 215 116 222 178
313 2 2 0 215 18 173 17
314 2 2 0 215 121 251 164
315 2 2 0 215 144 236 196
316 2 2 0 215 145 233 194
317 2 2 0 215 120 211 160
318 2 2 0 215 20 188 182
319 2 2 0 215 113 160 190
320 2 2 0 215 120 287 158
321 2 2 0 215 177 178 85
322 2 2 0 215 123 194 233
323 2 2 0 215 121 192 210
324 2 2 0 215 136 210 192
325 2 2 0 215 44 203 179
326 2 2 0 215 120 160 287
327 2 2 0 215 192 198 82
328 2 2 0 215 117 282 174
329 2 2 0 215 118 236 189
330 2 2 0 215 127 155 241
331 2 2 0 215 113 287 160
332 2 2 0 215 102 210 222
333 2 2 0 215 83 192 82
334 2 2 0 215 30 209 157
335 2 2 0 215 92 238 156
336 2 2 0 215 54 49 172
337 2 2 0 215 43 161 296
338 2 2 0 215 115 166 185
339 2 2 0 215 69 190 68
340 2 2 0 215 131 275 159
341 2 2 0 215 109 159 275
342 2 2 0 215 116 178 177
343 2 2 0 215 167 135 229
344 2 2 0 215 167 229 112
345 2 2 0 215 134 201 173
346 2 2 0 215 155 246 9
347 2 2 0 215 117 199 282
348 2 2 0 215 102 166 201
349 2 2 0 215 115 173 201
350 2 2 0 215 66 211 163
351 2 2 0 215 139 191 223
352 2 2 0 215 123 223 191
353 2 2 0 215 85 86 177
354 2 2 0 215 119 251 204
355 2 2 0 215 100 169 214
356 2 2 0 215 9 10 241
357 2 2 0 215 155 254 280
358 2 2 0 215 44 45 203
359 2 2 0 215 82 198 81
360 2 2 0 215 109 289 159
361 2 2 0 215 131 159 263
362 2 2 0 215 87 88 183
363 2 2 0 215 137 183 224
364 2 2 0 215 121 210 251
365 2 2 0 215 18 270 173
366 2 2 0 215 118 224 183
367 2 2 0 215 119 182 188
368 2 2 0 215 184 248 125
369 2 2 0 215 159 232 73
370 2 2 0 215 136 222 210
371 2 2 0 215 114 197 168
372 2 2 0 215 189 105 283
373 2 2 0 215 221 125 248
374 2 2 0 215 184 245 248
375 2 2 0 215 84 85 178
376 2 2 0 215 154 221 248
377 2 2 0 215 117 174 195
378 2 2 0 215 191 23 194
379 2 2 0 215 117 175 189
380 2 2 0 215 38 259 162
381 2 2 0 215 4 180 298
382 2 2 0 215 117 195 175
383 2 2 0 215 19 20 182
384 2 2 0 215 20 21 188
385 2 2 0 215 122 206 228
386 2 2 0 215 99 100 214
387 2 2 0 215 60 179 59
388 2 2 0 215 143 228 206
389 2 2 0 215 27 28 240
390 2 2 0 215 102 222 166
391 2 2 0 215 25 26 215
392 2 2 0 215 108 280 254
393 2 2 0 215 120 205 162
394 2 2 0 215 152 297 176
395 2 2 0 215 168 250 132
396 2 2 0 215 37 162 205
397 2 2 0 215 175 195 103
398 2 2 0 215 34 35 187
399 2 2 0 215 183 88 196
400 2 2 0 215 61 284 161
401 2 2 0 215 43 296 42
402 2 2 0 215 215 26 230
403 2 2 0 215 138 195 174
404 2 2 0 215 126 256 181
405 2 2 0 215 23 191 22
406 2 2 0 215 115 201 166
407 2 2 0 215 32 271 170
408 2 2 0 215 134 173 270
409 2 2 0 215 128 219 218
410 2 2 0 215 89 196 88
411 2 2 0 215 147 242 212
412 2 2 0 215 212 242 125
413 2 2 0 215 181 256 254
414 2 2 0 215 142 218 219
415 2 2 0 215 120 163 211
416 2 2 0 215 123 191 194
417 2 2 0 215 27 230 26
418 2 2 0 215 164 220 104
419 2 2 0 215 118 183 196
420 2 2 0 215 175 103 224
421 2 2 0 215 4 298 3
422 2 2 0 215 167 266 71
423 2 2 0 215 128 162 259
424 2 2 0 215 236 237 105
425 2 2 0 215 29 257 28
426 2 2 0 215 28 257 240
427 2 2 0 215 220 223 104
428 2 2 0 215 121 164 227
429 2 2 0 215 123 171 223
430 2 2 0 215 171 104 223
431 2 2 0 215 119 220 164
432 2 2 0 215 198 292 81
433 2 2 0 215 165 94 288
434 2 2 0 215 121 198 192
435 2 2 0 215 167 71 260
436 2 2 0 215 66 67 211
437 2 2 0 215 7 176 297
438 2 2 0 215 139 223 220
439 2 2 0 215 32 170 252
440 2 2 0 215 164 104 227
441 2 2 0 215 116 166 222
442 2 2 0 215 59 179 203
443 2 2 0 215 111 291 165
444 2 2 0 215 165 253 94
445 2 2 0 215 185 200 103
446 2 2 0 215 56 281 47
447 2 2 0 215 140 165 291
448 2 2 0 215 40 41 225
449 2 2 0 215 161 284 296
450 2 2 0 215 78 212 77
451 2 2 0 215 144 237 236
452 2 2 0 215 24 194 23
453 2 2 0 215 231 233 106
454 2 2 0 215 145 215 239
455 2 2 0 215 181 234 105
456 2 2 0 215 124 239 215
457 2 2 0 215 126 243 256
458 2 2 0 215 156 256 243
459 2 2 0 215 32 33 271
460 2 2 0 215 163 128 258
461 2 2 0 215 4 216 180
462 2 2 0 215 171 228 104
463 2 2 0 215 122 228 171
464 2 2 0 215 136 268 178
465 2 2 0 215 118 175 224
466 2 2 0 215 127 234 181
467 2 2 0 215 122 171 231
468 2 2 0 215 84 178 268
469 2 2 0 215 4 5 216
470 2 2 0 215 114 180 216
471 2 2 0 215 39 40 299
472 2 2 0 215 146 295 199
473 2 2 0 215 62 208 284
474 2 2 0 215 62 63 208
475 2 2 0 215 140 253 165
476 2 2 0 215 177 86 276
477 2 2 0 215 137 177 276
478 2 2 0 215 272 275 193
479 2 2 0 215 129 272 193
480 2 2 0 215 7 297 6
481 2 2 0 215 227 104 228
482 2 2 0 215 143 227 228
483 2 2 0 215 151 296 284
484 2 2 0 215 148 165 288
485 2 2 0 215 167 112 301
486 2 2 0 215 109 272 274
487 2 2 0 215 89 290 196
488 2 2 0 215 39 299 219
489 2 2 0 215 30 31 209
490 2 2 0 215 181 105 237
491 2 2 0 215 126 181 237
492 2 2 0 215 167 260 135
493 2 2 0 215 70 71 266
494 2 2 0 215 122 226 206
495 2 2 0 215 59 203 58
496 2 2 0 215 130 252 170
497 2 2 0 215 112 170 303
498 2 2 0 215 151 284 208
499 2 2 0 215 36 37 205
500 2 2 0 215 111 176 293
501 2 2 0 215 145 239 233
502 2 2 0 215 58 244 57
503 2 2 0 215 141 293 176
504 2 2 0 215 115 269 186
505 2 2 0 215 189 236 105
506 2 2 0 215 233 239 106
507 2 2 0 215 32 252 31
508 2 2 0 215 138 186 269
509 2 2 0 215 87 183 276
510 2 2 0 215 137 276 183
511 2 2 0 215 127 305 202
512 2 2 0 215 156 238 279
513 2 2 0 215 272 157 274
514 2 2 0 215 72 260 71
515 2 2 0 215 144 217 237
516 2 2 0 215 19 182 270
517 2 2 0 215 77 221 76
518 2 2 0 215 145 194 286
519 2 2 0 215 134 270 182
520 2 2 0 215 141 176 255
521 2 2 0 215 140 279 238
522 2 2 0 215 126 237 217
523 2 2 0 215 3 267 2
524 2 2 0 215 50 213 53
525 2 2 0 215 185 103 300
526 2 2 0 215 14 174 282
527 2 2 0 215 8 9 246
528 2 2 0 215 95 288 94
529 2 2 0 215 24 286 194
530 2 2 0 215 149 302 187
531 2 2 0 215 34 187 302
532 2 2 0 215 127 241 305
533 2 2 0 215 124 184 239
534 2 2 0 215 184 106 239
535 2 2 0 215 7 255 176
536 2 2 0 215 92 93 238
537 2 2 0 215 142 225 208
538 2 2 0 215 124 215 230
539 2 2 0 215 184 242 106
540 2 2 0 215 184 125 242
541 2 2 0 215 151 208 225
542 2 2 0 215 212 78 304
543 2 2 0 215 72 73 232
544 2 2 0 215 126 217 243
545 2 2 0 215 146 234 202
546 2 2 0 215 143 292 198
547 2 2 0 215 21 277 188
548 2 2 0 215 46 244 45
549 2 2 0 215 144 196 290
550 2 2 0 215 139 188 277
551 2 2 0 215 94 253 93
552 2 2 0 215 57 281 56
553 2 2 0 215 153 240 262
554 2 2 0 215 11 12 295
555 2 2 0 215 129 262 240
556 2 2 0 215 127 202 234
557 2 2 0 215 39 259 38
558 2 2 0 215 212 221 77
559 2 2 0 215 191 277 22
560 2 2 0 215 139 277 191
561 2 2 0 215 124 245 184
562 2 2 0 215 212 125 221
563 2 2 0 215 55 48 273
564 2 2 0 215 40 225 299
565 2 2 0 215 127 181 254
566 2 2 0 215 117 283 199
567 2 2 0 215 57 244 281
568 2 2 0 215 108 254 256
569 2 2 0 215 146 199 283
570 2 2 0 215 81 292 80
571 2 2 0 215 257 272 129
572 2 2 0 215 257 157 272
573 2 2 0 215 16 186 264
574 2 2 0 215 130 229 235
575 2 2 0 215 135 235 229
576 2 2 0 215 69 294 190
577 2 2 0 215 150 190 294
578 2 2 0 215 11 295 202
579 2 2 0 215 245 107 248
580 2 2 0 215 45 244 203
581 2 2 0 215 154 265 249
582 2 2 0 215 131 249 265
583 2 2 0 215 115 185 269
584 2 2 0 215 136 192 268
585 2 2 0 215 155 280 246
586 2 2 0 215 192 83 268
587 2 2 0 215 16 264 15
588 2 2 0 215 180 132 298
589 2 2 0 215 7 8 255
590 2 2 0 215 138 264 186
591 2 2 0 215 193 265 107
592 2 2 0 215 79 304 78
593 2 2 0 215 141 246 280
594 2 2 0 215 131 265 193
595 2 2 0 215 193 107 262
596 2 2 0 215 129 193 262
597 2 2 0 215 64 285 63
598 2 2 0 215 39 219 259
599 2 2 0 215 89 90 290
600 2 2 0 215 99 250 98
601 2 2 0 215 31 252 209
602 2 2 0 215 206 80 292
603 2 2 0 215 102 204 251
604 2 2 0 215 129 240 257
605 2 2 0 215 269 185 300
606 2 2 0 215 248 107 265
607 2 2 0 215 154 248 265
608 2 2 0 215 58 203 244
609 2 2 0 215 102 251 210
610 2 2 0 215 96 197 278
611 2 2 0 215 267 3 298
612 2 2 0 215 169 267 214
613 2 2 0 215 147 212 304
614 2 2 0 215 84 268 83
615 2 2 0 215 13 14 282
616 2 2 0 215 19 270 18
617 2 2 0 215 128 218 258
618 2 2 0 215 117 189 283
619 2 2 0 215 109 275 272
620 2 2 0 215 169 2 267
621 2 2 0 215 87 276 86
622 2 2 0 215 21 22 277
623 2 2 0 215 131 193 275
624 2 2 0 215 131 263 249
625 2 2 0 215 96 278 95
626 2 2 0 215 46 47 281
627 2 2 0 215 54 273 49
628 2 2 0 215 130 209 252
629 2 2 0 215 148 278 197
630 2 2 0 215 99 214 250
631 2 2 0 215 159 289 232
632 2 2 0 215 135 232 289
633 2 2 0 215 25 286 24
634 2 2 0 215 109 274 235
635 2 2 0 215 11 305 10
636 2 2 0 215 62 284 61
637 2 2 0 215 195 300 103
638 2 2 0 215 13 282 199
639 2 2 0 215 34 302 33
640 2 2 0 215 70 294 69
641 2 2 0 215 140 207 279
642 2 2 0 215 108 279 207
643 2 2 0 215 218 285 64
644 2 2 0 215 226 304 79
645 2 2 0 215 90 217 290
646 2 2 0 215 138 300 195
647 2 2 0 215 46 281 244
648 2 2 0 215 208 63 285
649 2 2 0 215 142 208 285
650 2 2 0 215 108 207 280
651 2 2 0 215 128 259 219
652 2 2 0 215 157 209 274
653 2 2 0 215 130 274 209
654 2 2 0 215 141 255 246
655 2 2 0 215 141 280 207
656 2 2 0 215 132 214 267
657 2 2 0 215 232 260 72
658 2 2 0 215 238 93 253
659 2 2 0 215 25 215 286
660 2 2 0 215 135 260 232
661 2 2 0 215 156 279 256
662 2 2 0 215 145 286 215
663 2 2 0 215 8 246 255
664 2 2 0 215 140 238 253
665 2 2 0 215 132 250 214
666 2 2 0 215 108 256 279
667 2 2 0 215 146 202 295
668 2 2 0 215 141 207 293
669 2 2 0 215 109 235 289
670 2 2 0 215 140 291 207
671 2 2 0 215 143 206 292
672 2 2 0 215 11 202 305
673 2 2 0 215 142 285 218
674 2 2 0 215 142 299 225
675 2 2 0 215 130 235 274
676 2 2 0 215 144 290 217
677 2 2 0 215 142 219 299
678 2 2 0 215 112 247 301
679 2 2 0 215 150 301 247
680 2 2 0 215 147 304 226
681 2 2 0 215 135 289 235
682 2 2 0 215 112 303 247
683 2 2 0 215 149 247 303
684 2 2 0 215 132 267 298
685 2 2 0 215 70 266 294
686 2 2 0 215 150 294 266
687 2 2 0 215 148 288 278
688 2 2 0 215 241 10 305
689 2 2 0 215 167 301 266
690 2 2 0 215 95 278 288
691 2 2 0 215 271 303 170
692 2 2 0 215 138 269 300
693 2 2 0 215 207 291 293
694 2 2 0 215 271 33 302
695 2 2 0 215 149 271 302
696 2 2 0 215 150 266 301
697 2 2 0 215 149 303 271
698 2 2 0 215 111 293 291
699 2 2 0 215 52 110 133
700 2 2 0 215 133 110 213
701 2 2 0 215 53 213 110
702 2 2 0 215 1 2 169
703 2 2 0 215 50 172 49
704 2 2 0 215 51 133 213
705 2 2 0 215 54 55 273
706 2 2 0 215 50 51 213
707 2 2 0 215 53 54 172
708 2 2 0 215 52 53 110
709 2 2 0 215 52 133 51