1 0 0 0
2 0.2276895974883163 0.3318475350954362 0
3 0.4378740586581555 0.5105424814984704 0
4 0.6450301313201617 0.6586070306947019 0
5 0.8505409860720723 0.7877474785352363 0
6 1.054947573878398 0.9025420976076053 0
7 1.258531265300512 1.005372233380416 0
8 1.461462331913668 1.097678958587728 0
9 1.66385426249521 1.180422771670968 0
10 1.865788001631759 1.254288737278058 0
11 2.06732426294754 1.319790697771262 0
12 2.268510388917212 1.37732933041742 0
13 2.469384447389681 1.4272268178182 0
14 2.669977814554343 1.469748708530177 0
15 2.870316876428318 1.505118317394823 0
16 3.070424190824823 1.533526559716216 0
17 3.270319305234667 1.555138873301469 0
18 3.470019347522183 1.570100217743796 0
19 3.669539462111497 1.578538766031826 0
20 3.868893138363712 1.580568683729957 0
21 4.068092462027616 1.576292257100692 0
22 4.267148310706031 1.567190436299277 0
23 4.466070507858222 1.554735249865348 0
24 4.664867945607243 1.539001955199121 0
25 4.863548683744431 1.520058765362679 0
26 5.062120030338087 1.497967531301816 0
27 5.260588607959167 1.472784302339018 0
28 5.458960408541526 1.444559790476515 0
29 5.657240839173494 1.413339757947671 0
30 5.855434760588355 1.379165342976483 0
31 6.053546519728038 1.342073335376415 0
32 6.251579977458679 1.30209641111765 0
33 6.449538532292095 1.259263333090944 0
34 6.647425140794933 1.213599123837937 0
35 6.845242335233828 1.165125214888793 0
36 7.042992238900756 1.113859576466487 0
37 7.240676579480804 1.059816830623285 0
38 7.438296700759565 1.003008350324845 0
39 7.635853572915464 0.9434423465580907 0
40 7.833347801600627 0.8811239451859749 0
41 8.030779635980119 0.8160552549866927 0
42 8.228148975871997 0.7482354280825894 0
43 8.425455378108115 0.6776607137740116 0
44 8.62269806221715 0.6043245066370309 0
45 8.81987591551613 0.5282173896148386 0
46 9.016987497683962 0.4493271727253441 0
47 9.214031044879988 0.3676389279180303 0
48 9.411004473461682 0.2831350205381846 0
49 9.607905383348152 0.1957951377935755 0
50 9.804731061069864 0.1055963145653682 0
51 10.00147848253962 0.01251295685999219 0
52 9.998521517460379 -0.01251295685999219 0
53 9.795268938930137 0.02551479654574251 0
54 9.592094616651847 0.06198263998420245 0
55 9.388995526538318 0.0968649794618153 0
56 9.185968955120011 0.1301388498597479 0
57 8.983012502316038 0.161783938385767 0
58 8.780124084483871 0.1917826103851611 0
59 8.577301937782849 0.2201199378074138 0
60 8.374544621891886 0.2467837306704329 0
61 8.171851024128001 0.2717645719174111 0
62 7.969220364019882 0.2950558561244184 0
63 7.766652198399373 0.3166538325918029 0
64 7.564146427084535 0.3365576534419096 0
65 7.361703299240435 0.3547694274529323 0
66 7.159323420519196 0.3712942804878258 0
67 6.957007761099244 0.3861404235335136 0
68 6.754757664766172 0.3993192295556515 0
69 6.552574859205066 0.4108453206065074 0
70 6.350461467707905 0.4207366669090564 0
71 6.148420022541321 0.4290146999934614 0
72 5.946453480271962 0.4357044424013632 0
73 5.744565239411645 0.4408346570235173 0
74 5.542759160826505 0.4444380198301066 0
75 5.341039591458475 0.4465513206345963 0
76 5.139411392040834 0.4472156976609817 0
77 4.937879969661913 0.4464769131426286 0
78 4.736451316255569 0.4443856790817656 0
79 4.535132054392756 0.440998044800879 0
80 4.333929492141778 0.4363758612457629 0
81 4.132851689293969 0.4305873414785006 0
82 3.931907537972384 0.4237077428993083 0
83 3.731106861636287 0.4144313162700434 0
84 3.530460537888504 0.4014612339681741 0
85 3.329980652477817 0.3848997822562037 0
86 3.129680694765334 0.3648611266985312 0
87 2.929575809175177 0.3414734402837837 0
88 2.729683123571682 0.3148816826051765 0
89 2.530022185445657 0.2852512914698224 0
90 2.330615552610319 0.2527731821818001 0
91 2.131489611082788 0.2176706695825796 0
92 1.932675737052459 0.1802093022287379 0
93 1.734211998368241 0.1407112627219419 0
94 1.53614573750479 0.09957722832903171 0
95 1.338537668086332 0.0573210414122719 0
96 1.141468734699488 0.01462776661958415 0
97 0.9450524261216022 -0.02754209760760534 0
98 0.7494590139279278 -0.06774747853523616 0
99 0.5549698686798382 -0.1036070306947021 0
100 0.3621259413418445 -0.1305424814984704 0
101 0.1723104025116837 -0.1368475350954362 0
102 3.584210669187312 0.9896331430448159 0
103 2.962620218289225 0.9264875630425786 0
104 4.167521523603054 1.002726419922014 0
105 2.353463622443208 0.8265185831341425 0
106 4.735762100910496 0.9944984658097045 0
107 5.251902246523412 0.9480168127480783 0
108 1.825473817747022 0.6787222539570077 0
109 5.72753497150396 0.8976801238883808 0
110 9.89719059406063 0.01840566746776591 0
111 1.351192391357676 0.536099237354291 0
112 6.255848511952983 0.8589887664669571 0
113 6.661809350152705 0.802380113857029 0
114 0.9901635372287194 0.398021917715645 0
115 3.25678243200879 1.172135908799916 0
116 3.298871687685523 0.7591831594487047 0
117 2.62523024544073 1.093099430588121 0
118 2.685162178929556 0.6819993121462294 0
119 3.870744347215929 1.192606856447616 0
120 7.031368472670893 0.7470196674419296 0
121 3.878771652322732 0.8068467969662616 0
122 4.437357102922418 0.7781628409233238 0
123 4.436848531305871 1.208133668289662 0
124 4.987808014625616 1.177299948501836 0
125 4.94715686883759 0.7772688321401761 0
126 2.149031059454723 0.5608753099471421 0
127 2.023909910637131 0.9758474990194335 0
128 7.428629239261763 0.6773526581387984 0
129 5.476289747950317 1.126508235679426 0
130 6.003910421613681 1.042992945624238 0
131 5.456856503078204 0.742657329829865 0
132 0.5990529997202214 0.2249428889238475 0
133 9.941555310564338 0.01389298654628686 0
134 3.581756617983113 1.291131571190049 0
135 5.959445862785149 0.7324185664757793 0
136 3.59987613185391 0.6921110093312293 0
137 2.997144605087241 0.6310971448637616 0
138 2.961196917502873 1.215345855875099 0
139 4.158812873018653 1.295287453633613 0
140 1.668402463979927 0.4377246361339396 0
141 1.552938664092125 0.8051953333574807 0
142 7.735159307143915 0.6065478447075096 0
143 4.161185421011244 0.7129385510206684 0
144 2.435002035331762 0.5511130594355294 0
145 4.726437437133524 1.268956289812362 0
146 2.332817489527535 1.100967255132251 0
147 4.661314257231334 0.7204298874159276 0
148 1.229714827309421 0.3155705902771468 0
149 6.497236352355679 0.985819211565674 0
150 6.455248087277326 0.6733496070765768 0
151 8.027683493063471 0.5790928567262551 0
152 1.106995766886996 0.6210103693451603 0
153 5.242075839003697 1.21622180538582 0
154 5.196169659677897 0.6743816210301371 0
155 1.776128106837042 0.9446655145537468 0
156 1.917455395350329 0.4105374217936051 0
157 5.739533130337129 1.205044613764782 0
158 6.877224659755081 0.921200632105321 0
159 5.69132247961896 0.6781203903533286 0
160 6.833412171522313 0.6297051098981026 0
161 8.287392891361645 0.4540858919904224 0
162 7.273416284419227 0.8340210139467769 0
163 7.222925274556259 0.608687791059659 0
164 3.957197353242088 1.001120732107307 0
165 1.469755698626817 0.3355407884299504 0
166 3.368388688258602 0.9748898190387444 0
167 6.15410371930124 0.6720583604300231 0
168 0.8185874742565673 0.1761667528922355 0
169 0.268795700827235 0.07506360472654097 0
170 6.20673541990706 1.059829041714449 0
171 4.394298345844556 1.001877049946509 0
172 9.699907523016586 0.09061613100823412 0
173 3.384874279361217 1.360656676514038 0
174 2.77416090953563 1.28322471437731 0
175 2.74681654331609 0.9006114803640146 0
176 1.327755084172814 0.7670423490379206 0
177 3.191972134096045 0.5698089761490771 0
178 3.430103491742504 0.5902751874980425 0
179 8.498430090465467 0.4308815479378861 0
180 0.7374071212331924 0.412004082309332 0
181 2.134762430588649 0.7661574755879714 0
182 3.75427001611798 1.381596110296587 0
183 2.82879445798233 0.5235849676086234 0
184 4.925795291591859 0.9728391909598082 0
185 3.155041648732557 0.9800653398043375 0
186 3.135159669454728 1.338163707371357 0
187 6.680648926900633 1.028564031634971 0
188 3.986816728800543 1.381234389104866 0
189 2.553979051533824 0.8768958140156535 0
190 6.62304201651308 0.5819028545689169 0
191 4.334077018276527 1.374900777439356 0
192 3.780606936451954 0.615328495007245 0
193 5.429414750842905 0.945029990514917 0
194 4.563730268517286 1.362705902348562 0
195 2.827282339493739 1.077619758983596 0
196 2.603086970643863 0.4915095621983259 0
197 1.056031164538127 0.1826340540151473 0
198 4.00943260704766 0.6248568406526951 0
199 2.449826683932414 1.226936814863566 0
200 3.106228283507643 0.7935592979045681 0
201 3.469440479728027 1.154027252477845 0
202 2.137225655714038 1.134130380000231 0
203 8.697846809459444 0.381204614069446 0
204 3.682379982781382 1.160317672584163 0
205 7.098912493163502 0.9298330304379832 0
206 4.324029103715387 0.6498657012692878 0
207 1.652503397286832 0.6343602135018658 0
208 7.880311647541236 0.4756429733210352 0
209 5.925383876039327 1.200628339897278 0
210 3.709582628149934 0.8435381002642475 0
211 7.042005171146156 0.5551909939282441 0
212 4.839872898792239 0.624922092618178 0
213 9.876005696665997 0.04326303715437869 0
214 0.4601134516415393 0.07365059317654039 0
215 4.900389724294163 1.334661702435336 0
216 0.8672391037148167 0.5763128711745341 0
217 2.272495870260882 0.4324831935531627 0
218 7.56756688319454 0.5475432912834405 0
219 7.605533107562517 0.7369831991198672 0
220 4.046705662253262 1.150012945843259 0
221 5.035319574585832 0.6242659899741567 0
222 3.471013622091998 0.8227611558506853 0
223 4.272184178326278 1.152252040114635 0
224 2.856521742576738 0.7507417678438233 0
225 7.88821157967397 0.6811184583693833 0
226 4.50784002979239 0.607662598343471 0
227 4.055386478446263 0.8602150077447591 0
228 4.273081404845776 0.855455190183682 0
229 6.077542428118822 0.8747969082012167 0
230 5.092362318104952 1.333590138117765 0
231 4.58568540499871 0.9130590715461291 0
232 5.857182852567372 0.5991617989272322 0
233 4.605500925422397 1.128778988456347 0
234 2.233272337969189 0.9654073074704405 0
235 5.898679951292531 0.8967586472579422 0
236 2.510403765015829 0.7115053568441257 0
237 2.287550873391706 0.6487608981428868 0
238 1.790605967753541 0.309003955048661 0
239 4.823265320264193 1.12657910212734 0
240 5.400023328494487 1.28336877042348 0
241 1.876324967297157 1.098188611541616 0
242 4.788912791817946 0.8370022612272865 0
243 2.08717007865558 0.3856407183926722 0
244 8.888572507577718 0.336871859791972 0
245 5.120382978274503 1.039217841572933 0
246 1.598818719054132 0.9800913956451621 0
247 6.422004555496509 0.8366002337212941 0
248 5.114558418914061 0.8367961338552545 0
249 5.350276496264332 0.6136413881285405 0
250 0.6334101260002434 0.05683378629783382 0
251 3.77846630794487 0.9981280385854292 0
252 6.087659249841249 1.185787657591963 0
253 1.635033266570681 0.266591539133283 0
254 1.926510653093198 0.7973397147730749 0
255 1.432861554797694 0.9286452716805477 0
256 1.975117972620759 0.5915510680422347 0
257 5.57080632351563 1.252717846219251 0
258 7.377346408768441 0.5212292348526595 0
259 7.470781652084762 0.8389102235610579 0
260 6.011558621737504 0.5745785079055546 0
261 1.193395109118615 0.4777356568206921 0
262 5.333047444277401 1.082403625283593 0
263 5.545556085675294 0.6067255491337875 0
264 2.964108595503513 1.375286315338663 0
265 5.312587509349957 0.8160454197709371 0
266 6.303354018119518 0.5761648301327472 0
267 0.417602245900471 0.2661520486756137 0
268 3.617373007274831 0.5385642412629593 0
269 3.099810881104436 1.136610310393611 0
270 3.575024838758094 1.450297024360574 0
271 6.379712448202222 1.121096933479394 0
272 5.621056918434325 1.045403270320658 0
273 9.500349589586497 0.1531564907263445 0
274 5.82750160887464 1.050222788134597 0
275 5.578795833383373 0.8603455456888791 0
276 3.015491271766503 0.4741231897785976 0
277 4.162700476537045 1.443154894231736 0
278 1.213822851496705 0.1568209226957994 0
279 1.802159631517019 0.5185551391947369 0
280 1.714191339566617 0.7954644692345175 0
281 9.061622119953821 0.2918851352554171 0
282 2.600117713502769 1.309519118923373 0
283 2.438172286994898 1.017919616724195 0
284 8.085699979415836 0.431310493884774 0
285 7.700230916528904 0.4559034211355197 0
286 4.747028222086934 1.409106942512678 0
287 6.83853191064625 0.7772875749484487 0
288 1.358506257265925 0.2102597652277728 0
289 5.816923654483831 0.7647356566641201 0
290 2.434121618966133 0.4020171554987335 0
291 1.529607059487852 0.5227592480242962 0
292 4.191786350832595 0.5697401536628046 0
293 1.482981082059525 0.6579341583153602 0
294 6.456710179619845 0.5218813037505347 0
295 2.253789743084544 1.22824106665145 0
296 8.183411190196868 0.6094751950591762 0
297 1.1574000974235 0.7791058867698922 0
298 0.5634820147040771 0.4055561531231388 0
299 7.747610393343427 0.7635787131704059 0
300 2.991279633255813 1.068338846978746 0
301 6.313192028985862 0.7225580580834442 0
302 6.529045618581354 1.126454230485442 0
303 6.348596015011362 0.9740019371882677 0
304 4.660479284901791 0.5686659181020582 0
305 1.998750716833559 1.187983503714571 0